262144000S
48891413 600
154919 1
57710 1
62787 1
129544 1
128097 1
142134 1
37804 1
68533 1
161971 1
104583 1
89826 1
137869 1
73923 1
138296 1
128196 1
157450 1
67218 1
144955 1
12660 1
14383 1
109564 1
98406 1
64895 1
131581 1
25490 1
127973 1
150834 1
160196 1
112820 1
67945 1
149984 1
64685 1
132148 1
65193 1
132156 1
52794 1
154766 1
149371 1
122118 1
37111 1
115112 1
144866 1
99766 1
64719 1
135760 1
67766 1
28177 1
127944 1
155140 1
149954 1
124244 1
113731 1
100555 1
145524 1
60512 1
101654 1
34987 1
61704 1
135549 1
37051 1
134214 1
152098 1
156798 1
117259 1
150017 1
64971 1
130122 1
133566 1
65562 1
156168 1
64054 1
155037 1
114110 1
151894 1
65077 1
129869 1
34955 1
26913 1
135441 1
150624 1
157780 1
112003 1
118729 1
149081 1
88826 1
51488 1
135749 1
135577 1
155845 1
88699 1
55197 1
158303 1
121366 1
127654 1
120066 1
42268 1
136639 1
42607 1
153104 1
40084 1
136366 1
86187 1
95153 1
133542 1
26648 1
154738 1
83525 1
165266 1
27896 1
42787 1
119366 1
101497 1
153689 1
57895 1
136546 1
149969 1
158596 1
37100 1
157820 1
123382 1
120480 1
153308 1
153281 1
59120 1
136173 1
136204 1
111015 1
159821 1
157644 1
59106 1
120836 1
153335 1
85329 1
99024 1
135720 1
133654 1
53508 1
156021 1
155393 1
71943 1
121656 1
72855 1
154056 1
72987 1
25206 1
62707 1
137484 1
132809 1
109394 1
21367 1
35465 1
117068 1
172313 1
122034 1
75609 1
104309 1
19358 1
161841 1
19293 1
20390 1
102979 1
71263 1
137441 1
141468 1
34557 1
68878 1
5269 1
66755 1
15110 1
639347 1
761695 1
156506 1
762732 1
37805 1
111077 1
85206 1
154371 1
59532 1
121935 1
19360 1
154714 1
76196 1
141808 1
68998 1
18322 1
144424 1
76496 1
19360 1
153301 1
46097 1
357287 1
158988 1
116872 1
28043 1
42877 1
43248 1
121933 1
8394 1
8461 1
8478 1
18318 1
103753 1
154511 1
138270 1
8515 1
39720 1
69379 1
131472 1
137645 1
155669 1
39032 1
36989 1
153854 1
52454 1
121304 1
159987 1
137139 1
137957 1
33795 1
76222 1
162954 1
39357 1
158118 1
88414 1
120830 1
104701 1
122512 1
146189 1
56519 1
129880 1
84853 1
128599 1
77060 1
125479 1
112279 1
37920 1
103563 1
84927 1
43233 1
44535 1
155025 1
48945 1
36521 1
36521 1
38700 1
132812 1
38832 1
14098 1
37403 1
12352 1
136898 1
75861 1
55736 1
93705 1
163042 1
81747 1
154906 1
36357 1
121653 1
357252 1
154617 1
26569 1
140602 1
136706 1
151412 1
158220 1
121955 1
103567 1
154739 1
133595 1
141726 1
159924 1
75811 1
158957 1
32627 1
36112 1
194800 1
71769 1
121254 1
150530 1
52062 1
105506 1
137099 1
135621 1
164939 1
169535 1
35315 1
133843 1
112648 1
165123 1
12753 1
147373 1
98786 1
43275 1
152370 1
87947 1
45179 1
168506 1
179842 1
132930 1
56003 1
160329 1
52133 1
170107 1
18929 1
172242 1
356269 1
196228 1
57194 1
109619 1
199396 1
102822 1
135207 1
114706 1
50762 1
178076 1
171983 1
45949 1
171455 1
46372 1
68864 1
188626 1
35364 1
186873 1
29053 1
50227 1
135850 1
166279 1
147235 1
21670 1
155826 1
16871 1
184455 1
98731 1
187100 1
16667 1
134205 1
114582 1
50378 1
186936 1
68933 1
150544 1
34421 1
146411 1
27917 1
184081 1
215347 1
43375 1
142488 1
194262 1
69122 1
164489 1
57039 1
65468 1
47472 1
170315 1
56043 1
356245 1
181884 1
185143 1
104235 1
139774 1
30174 1
172968 1
68447 1
162122 1
161542 1
194657 1
181101 1
131098 1
139069 1
116242 1
191241 1
30170 1
81539 1
159922 1
170817 1
89695 1
87951 1
192313 1
183193 1
55573 1
34810 1
50703 1
140049 1
118200 1
30171 1
197838 1
163361 1
155574 1
183463 1
180822 1
139425 1
199488 1
53127 1
169673 1
157354 1
30233 1
179543 1
56721 1
70549 1
198316 1
98558 1
69954 1
56746 1
139615 1
355741 1
117897 1
193295 1
35808 1
163278 1
155688 1
58608 1
80936 1
186726 1
52072 1
64747 1
191987 1
56784 1
139036 1
56635 1
19523 1
181991 1
35028 1
157715 1
137201 1
162994 1
181940 1
77282 1
187455 1
34548 1
56682 1
139517 1
117107 1
192927 1
69015 1
170102 1
163782 1
188328 1
19371 1
77950 1
189531 1
56683 1
152578 1
60022 1
200867 1
176968 1
19427 1
192867 1
128229 1
195544 1
67266 1
202260 1
56745 1
149429 1
19435 1
100054 1
194759 1
355689 1
169641 1
38151 1
170399 1
82012 1
199691 1
30238 1
209309 1
78746 1
